13202220210203001
13202220210203003
13202220210203021
13202220210203023
13202220210203201
13202220210203203
13202220210203221
13202220210203223
13202220210221001
13202220210221003
13202220210221021
13202220210201212
13202220210201230
13202220210201232
13202220210203010
13202220210203012
13202220210203030
13202220210203032
13202220210203210
13202220210203212
13202220210203230
13202220210203232
13202220210221010
13202220210201213
13202220210201231
13202220210201233
13202220210203011
13202220210203013
13202220210203031
13202220210203033
13202220210203211
13202220210203213
13202220210203231
13202220210203233
13202220210221011
13202220210201302
13202220210201320
13202220210201322
13202220210203100
13202220210203102
13202220210203120
13202220210203122
13202220210203300
13202220210203302
13202220210203320
13202220210203322
13202220210221100
13202220210201303
13202220210201321
13202220210201323
13202220210203101
13202220210203103
13202220210203121
13202220210203123
13202220210203301
13202220210203303
13202220210203303
13202220210203303
13202220210221101